0.02466933979
0.02188120429
0.02196845303
0.02441458171
0.02767886551
0.02993155709
0.03183375739
0.03413116667
0.03635038571
0.03880853994
0.04180261719
0.0444848034
0.04709904363
0.05022523061
0.05331504635
0.05616231601
0.05952953842
0.06311912637
0.06617611959
0.06975431729
0.07380531828
0.07709849846
0.08092285741
0.0853940394
0.08895493288
0.09306530068
0.09785433498
0.1017535755
0.1062060966
0.1112728869
0.1155174835
0.1203811322
0.1255987896
0.1302838821
0.1356429713
0.1409012815
0.1461127118
0.1520699597
0.1572500996
0.1630930091
0.1689380185
0.174746669
0.1810872583
0.1869247096
0.1935323424
0.199546235
0.2062223009
0.2125482288
0.2193479897
0.2258807635
0.2328526918
0.2395031494
0.2466915304
0.2533820703
0.2605682919
0.2674887354
0.2745749933
0.2817977824
0.2887289909
0.2958918462
0.3030063991
0.3099169691
0.3169210135
0.3239427113
0.3306512601
0.3373012041
0.3438761396
0.3503242172
0.356600845
0.3626235202
0.3683733681
0.3738772094
0.3790979687
0.3840016672
0.3885579787
0.3927417737
0.3964650043
0.3997756364
0.4026905802
0.4052406031
0.4074408193
0.4094147267
0.4113283131
0.4133596431
0.4157148515
0.4185807726
0.422071756
0.4261687864
0.4307788672
0.4357252993
0.4407966155
0.4457932287
0.4505562766
0.4549748456
0.4589810503
0.4625212272
0.4655766849
0.4681691223
0.470294795
0.4719792298
0.4732532739
0.1197358779
114.2324261
1.192167813
0.9223394718
1137.485249
373.5257812
