0.02698277251
0.02526647108
0.02365794069
0.02215058588
0.02170134854
0.02273979291
0.0239656226
0.02543101259
0.02720940865
0.02940762429
0.03102034133
0.03182824916
0.03273970591
0.03377352613
0.03495331152
0.03616916127
0.03739271457
0.038795567
0.04041636208
0.04226682402
0.0436160574
0.04515689392
0.04692903243
0.04879530954
0.04965128841
0.05060011194
0.05165525789
0.05307876614
0.05480428624
0.05677724199
0.05872578159
0.06078258294
0.06314664608
0.06540794367
0.06794916364
0.07069334394
0.07342019633
0.07657759623
0.07958649859
0.08300838831
0.08648756068
0.09022233812
0.09416381467
0.09826343916
0.1026570235
0.1071755942
0.1120044495
0.1169992676
0.1222372702
0.1277697318
0.1333797109
0.1395162298
0.1454494365
0.1519763408
0.1584590717
0.1652235269
0.172417662
0.1793468499
0.1867216407
0.194346834
0.2017717428
0.2095175588
0.2175023875
0.2252938303
0.233173686
0.2411828677
0.2492565497
0.2572820216
0.2651151456
0.2729300684
0.2806800452
0.2883254041
0.295833299
0.303176157
0.310332055
0.3172834661
0.3240166249
0.330521949
0.3367621085
0.3426576042
0.348306031
0.3537094099
0.3587321909
0.363495818
0.3679203489
0.3720684088
0.3758530135
0.3793491929
0.3825425093
0.3854305219
0.3880184578
0.3903166581
0.3923378328
0.3940966683
0.3955884307
0.3968419483
0.3978541145
0.3986486091
0.3992350728
0.399626
0.399835995
0.06291678141
59.43949387
0.4008451969
0.8852561946
1083.440902
314.4199219
