0.01306046564
0.01371982245
0.01450961408
0.0154697717
0.01653655039
0.01748006244
0.01862587579
0.0196721795
0.0209035232
0.02210541911
0.02337504792
0.02462436026
0.02575735859
0.02706586456
0.02857163325
0.03020451719
0.03188856308
0.03368335775
0.03560438833
0.03756580654
0.03975190471
0.04186796949
0.04424618312
0.04663857194
0.0491734345
0.05194118725
0.0546341119
0.05757425224
0.06071571643
0.06382940227
0.06717950461
0.07074965501
0.07437950133
0.07816275595
0.08216854743
0.08638848361
0.09078157269
0.09527569975
0.09999789948
0.1049455672
0.1101182034
0.1155171369
0.1211453676
0.127007414
0.1331093054
0.1394585158
0.1460641365
0.1529368599
0.160089002
0.1675348142
0.1752905593
0.1833746668
0.1917502407
0.2003790486
0.2093797707
0.2187799875
0.2284354223
0.2384640691
0.2489259792
0.2596326815
0.2708513116
0.28230064
0.294251879
0.3065244495
0.3192046155
0.3323348893
0.3458242361
0.359691531
0.3739846975
0.3886913327
0.4038024318
0.4193120881
0.43521871
0.4515221778
0.4682254942
0.4853285656
0.5027269488
0.5205274064
0.5386976747
0.557157451
0.5759750465
0.5950824194
0.6144528297
0.6341068739
0.6540054958
0.6741160906
0.6944083418
0.7148581135
0.7354446604
0.7561497418
0.7769019018
0.7976962373
0.8184844705
0.8392549752
0.8599292068
0.8804910092
0.9009057956
0.9211339837
0.9411089549
0.9608292584
0.9802427273
0.08842107294
83.89020698
0.4604482608
1.207506622
1589.076344
856.3439941
