0.01361624798
0.01419277664
0.01487255276
0.01568343379
0.01666421794
0.01787061128
0.01876517278
0.01978272363
0.02101271806
0.02208761024
0.02329589837
0.02475791839
0.02596810095
0.02739674744
0.02897979013
0.03043017787
0.0321681035
0.03383256769
0.03562303233
0.03759451367
0.03947664334
0.04171966167
0.04374377295
0.04616140611
0.04812881188
0.05027893435
0.0526098686
0.055330681
0.05796579476
0.06097844272
0.06392709383
0.06718761694
0.07056447097
0.07405545162
0.0778752618
0.08167589328
0.08573148199
0.09008867576
0.09447598947
0.09909160666
0.1039971521
0.1091752414
0.1143844766
0.1198803418
0.1256557154
0.1317026486
0.1380164207
0.1445948088
0.1513841803
0.1584398305
0.1657937846
0.173450985
0.1814184832
0.1897057186
0.1983050334
0.2071647071
0.2163586604
0.225904945
0.2358243401
0.2461404273
0.2567180305
0.2676447326
0.2790232438
0.2906847283
0.3027353887
0.315187302
0.3279610748
0.3411370521
0.3547037186
0.3685679848
0.3828647825
0.3975564381
0.4125110938
0.4278448316
0.4435390675
0.4595779946
0.4759509592
0.4926511171
0.5096766612
0.5269765541
0.544535047
0.5624097668
0.5805269011
0.5988840653
0.6174658208
0.6362972378
0.6552559425
0.6744089141
0.6937241576
0.7131756176
0.7327459346
0.7524194316
0.7721585369
0.7919381202
0.8117845055
0.8316074936
0.8514393781
0.8712476647
0.8910040851
0.9106845931
0.9302713804
0.08085111548
76.42646332
0.3375165602
1.064574602
1369.722341
707.956543
